100989794
100990269
100990275
100990425
100990548
100990622
100990681
100990894
100991004
100991014
100991223
100991388
100991484
100991785
100991868
100992002
100992230
100992374
100992512
100992538
100992607
100992748
100992936
100993001
100993159
100993254
100993354
100993427
100993705
100994114
100994180
100994257
100994305
100994358
100994545
100994733
100994815
100995198
100995374
100995421
100995500
100995539
100995554
100995758
100995777
100996032
100996044
100996707
100996831
100996978
100997019
100997341
100997589
100997668
100997915
100997975
100998237
100998265
100998578
100998698
100998973
100999084
100999162
100999238
100999258
100999498
100999725
101000008
101000079
101000249
101000425
101000509
101000903
101000980
101001014
101001171
101001205
101001214
101001309
101001326
101001482
101001930
101001976
101002045
101002163
